  data['distance_matrix_kilometer'] = np.array([
        [ 0, 10.1, 15.6, 12.4, 10.1, 10.2, 13.9, 10.5, 5, 5.3, 2.1, 11.3, 18.7, 5, 2.2, 16.7, 14.5, 9.2, 14.4, 8.4, 13.4, 10.2, 13.3, 15.6, 7.3, 4.1, 8.8, 13.4, 3, 15.7, 11.8 ],
        [ 9.6, 0, 9.2, 9.3, 0.85, 2.9, 4.3, 10, 9.2, 10.1, 9.1, 5.2, 10.7, 9.8, 8.8, 8, 12.4, 2.4, 5.9, 6.1, 4.2, 2.6, 8.8, 9.9, 7.8, 8.2, 6.5, 4.9, 8.8, 7.2, 6.1 ],
        [ 15.7, 9.1, 0, 2.5, 10, 11.7, 10.4, 2.9, 13.8, 9.3, 13.7, 4.3, 2.1, 8.8, 13.4, 7.6, 5, 9, 6.8, 6.3, 11.6, 5.1, 1.3, 1.3, 6.3, 9.1, 5.6, 7, 14.5, 6.3, 3.4 ],
        [ 13.3, 9.1, 2.4, 0, 10.1, 11.8, 10.6, 1, 11.5, 7, 11.4, 4.1, 4.4, 6.5, 11.1, 8.6, 4.4, 9, 7.3, 4, 11.8, 2.8, 1, 1.8, 4, 6.8, 4.3, 7.1, 8.7, 7.3, 3.5 ],
        [ 10, 0.85, 9.9, 9.9, 0, 2.8, 4.9, 10.5, 9.6, 10.6, 9.5, 5.9, 11.4, 10.2, 9.2, 8.7, 13.1, 1.1, 6.6, 6.5, 5.3, 9.2, 9.5, 10.5, 8.3, 8.6, 6.9, 5.6, 9.2, 7.9, 8.3 ],
        [ 9.3, 3.2, 12.4, 11.1, 3.2, 0, 6, 11.5, 8.8, 11.6, 8.7, 8.4, 13.9, 11.3, 8.5, 11.2, 15.6, 5.2, 9.1, 7.5, 5.6, 10.1, 12, 13, 9.2, 9, 7.9, 8.1, 10.2, 10.4, 9.2 ],
        [ 13.3, 4.1, 10.6, 11.1, 5, 6.6, 0, 13.1, 12.9, 13.9, 12.8, 6.6, 10.9, 13.5, 12.5, 6.3, 13.8, 5.4, 4.2, 9.6, 1.1, 11.8, 10.4, 11.3, 11.5, 11.9, 8.8, 4, 12.5, 5.5, 7.9 ],
        [ 12, 10.2, 2.9, 1, 10.4, 12.1, 11.6, 0, 11.9, 6.3, 11.8, 5.1, 4.8, 5.5, 11.5, 9.4, 4.1, 9.4, 8.3, 4.4, 12.8, 3.2, 2, 2.2, 3.7, 7.2, 4.7, 8.1, 8, 8.1, 4.5 ],
        [ 4.4, 9.2, 13.4, 11.5, 9.2, 10.4, 13, 11.9, 0, 8.6, 2.4, 10.1, 15.6, 8.3, 2.4, 15.8, 17.5, 8.7, 13.6, 8.4, 12.6, 10.5, 12.5, 13.5, 9.3, 6, 8.3, 12.5, 7.2, 14.8, 10.9 ],
        [ 6.3, 11.9, 10.5, 7.2, 11.9, 13.1, 14.5, 6.2, 8.7, 0, 6.8, 9.6, 11, 0.75, 6.6, 15.6, 8.6, 11.4, 13.8, 5.4, 14, 5, 8.5, 8.2, 3.1, 3.1, 5.8, 12.1, 2.9, 14.9, 10.5 ],
        [ 2.1, 10, 12.9, 11, 10, 11.3, 13.8, 11.4, 2.4, 6.6, 0, 9.6, 15.1, 6.3, 0.21, 15.5, 15.8, 9.5, 13.3, 7.4, 13.4, 10, 12, 13, 8.6, 5.4, 8.2, 12.2, 4.3, 14.5, 10.4 ],
        [ 11.6, 5.2, 4.4, 3.9, 6.1, 7.8, 6.3, 4.4, 11.2, 9.3, 11.1, 0, 5.6, 8.7, 10.8, 5.9, 7.7, 4.8, 3.8, 4.7, 7.4, 5.1, 4.1, 5.1, 6.3, 9.7, 4, 2.7, 10.3, 4.9, 1.3 ],
        [ 17.3, 10.5, 2.2, 4.4, 11.4, 13.2, 10.8, 4.8, 15.1, 11.8, 19.2, 5.3, 0, 10.8, 14.7, 8.1, 6.9, 10.3, 7.2, 8.3, 12, 6.9, 3.3, 3, 8, 11.1, 7.6, 8, 15.4, 6.8, 4.5 ],
        [ 5.9, 11.6, 9, 6.5, 11.6, 12.8, 13.6, 5.7, 8.3, 0.75, 6.4, 8.7, 11.1, 0, 6.2, 14.6, 10.3, 11, 12.3, 4.7, 13.1, 3.8, 7.5, 8.1, 2.4, 2.7, 5.2, 11.2, 2.5, 13.4, 9.8 ],
        [ 2.1, 10, 12.8, 11, 9.9, 11.2, 13.7, 11.3, 3.2, 6.6, 0.21, 9.5, 15.1, 6.2, 0, 15.4, 15.8, 8, 13.2, 7.3, 13.3, 10, 11.9, 12.9, 8.5, 5.3, 7.7, 12.1, 4.2, 14.4, 10.4 ],
        [ 16.3, 7.8, 7.5, 8.5, 9, 10.7, 6.4, 9.4, 15.8, 15, 15.7, 6.1, 8.2, 14.4, 15.4, 0, 11.5, 9.5, 2.4, 10.4, 7.6, 10.8, 7.7, 8.4, 12, 14.3, 9.7, 3.9, 14.9, 1.3, 6.5 ],
        [ 13.3, 10.9, 3.9, 3, 11.8, 13.6, 12.5, 2.8, 17.3, 9.2, 14.9, 6.1, 5.6, 6.9, 14.6, 10.2, 0, 10.8, 9, 7.6, 13.8, 5.2, 2.8, 2.4, 5.1, 9.8, 7.6, 8.8, 9.6, 8.9, 5.3 ],
        [ 10.5, 2.6, 8.9, 9, 1.1, 3.8, 6.1, 9.7, 9.2, 11, 9.1, 4.9, 10.5, 10.6, 8.8, 9.9, 12.1, 0, 7.4, 6.2, 5.9, 8.3, 8.5, 9.6, 7.9, 8.1, 6.4, 6.4, 9.7, 8.9, 5.8 ],
        [ 14, 5.7, 6.7, 7.2, 6.6, 8.3, 4.1, 8.1, 13.5, 12.8, 13.4, 3.8, 7.3, 12.2, 13.1, 2.3, 10.4, 7.3, 0, 8.2, 5.3, 8.6, 6.8, 7.6, 9.7, 12, 7.4, 1.7, 12.6, 1.4, 3.6 ],
        [ 8.7, 6.4, 5.9, 3.6, 7.3, 9, 8.6, 4, 8.2, 6.2, 8.2, 4.2, 7.3, 6, 7.9, 10.1, 8.2, 6.3, 7.9, 0, 9.2, 2.6, 4.6, 5.5, 2.8, 4.7, 0.65, 6.8, 6, 9.1, 4.6 ],
        [ 12.8, 4.2, 11.7, 11.9, 4.8, 6.1, 1.1, 12.6, 12.4, 13.4, 12.3, 7.7, 12.1, 13, 12, 7.4, 15, 6, 5.3, 9.1, 0, 11.3, 11.5, 12.4, 11.6, 11.4, 9.4, 5.1, 13.3, 6.6, 8.7 ],
        [ 9.5, 8.2, 5.3, 2.8, 9.1, 10.8, 10.3, 3.2, 10.6, 4.4, 10, 4.8, 7.4, 3.8, 9.8, 10.7, 6.1, 8.1, 8.7, 3.1, 11, 0, 3.8, 4.6, 1.2, 4.9, 3.4, 7.5, 6.1, 9.7, 5.3 ],
        [ 14.3, 8.4, 1.4, 1, 9.3, 11.1, 9.9, 2.1, 12.4, 7.9, 12.3, 3.6, 3.6, 7.4, 12, 8, 4.2, 8.3, 6.5, 4.9, 11.3, 3.7, 0, 1.2, 4.9, 7.7, 4.9, 6.3, 8.7, 6.7, 2.8 ],
        [ 14.1, 9.8, 1.3, 1.8, 10.6, 12.4, 11.3, 2.1, 13.6, 8.2, 13.5, 5, 3.2, 7.6, 13.2, 8.4, 2.4, 9.6, 7.5, 6.1, 12.6, 4.7, 1.2, 0, 5.9, 8.9, 6.4, 7.6, 11.8, 7.1, 4.1 ],
        [ 8.6, 8.6, 6.5, 4, 9.5, 11.3, 11.9, 3.7, 9.3, 3.1, 11.2, 6, 8.5, 2.5, 9, 11.9, 6.4, 8.5, 9.8, 3, 11.5, 1.3, 4.9, 6, 0, 3.8, 3.5, 8.7, 4.8, 10.9, 6.5 ],
        [ 4.9, 9.3, 9.5, 7, 9.3, 10.5, 13, 7.3, 6, 3.1, 5.4, 8.5, 11.5, 2.7, 5.2, 14.4, 11.9, 8.7, 12.1, 4.5, 12.6, 5, 7.9, 9, 3.8, 0, 4.9, 11, 1, 13, 9 ],
        [ 8.7, 6, 5.5, 4.6, 6.9, 8.6, 9.3, 5, 8.3, 5.7, 8.2, 3.9, 6.9, 5.9, 7.9, 9.8, 8.7, 5.9, 7.6, 0.65, 8.8, 3.4, 5.1, 6.2, 3.1, 4.8, 0, 6.4, 6.1, 8.7, 4.2 ],
        [ 12.8, 4.9, 7.5, 7.8, 5.8, 7.6, 3.4, 8.1, 12.4, 11.6, 12.3, 3.8, 8.2, 11, 12, 3.8, 11.1, 5.9, 1.4, 7, 4.5, 7.4, 7.5, 8.4, 8.5, 10.9, 6.3, 0, 12.1, 2.7, 4.2 ],
        [ 3.5, 10.6, 10.3, 7.8, 10.6, 10.7, 14, 8, 6.7, 2.8, 4.4, 9.1, 13.1, 2.5, 4.2, 15, 11.7, 10, 12.8, 5.3, 13.6, 6.3, 8.8, 12.1, 4.7, 1, 5.8, 11.6, 0, 14, 9.9 ],
        [ 15, 7.1, 6.2, 7.2, 8, 9.7, 5.5, 8.1, 14.5, 13.7, 14.4, 5.3, 6.9, 13.1, 14.1, 1.3, 10.2, 8.3, 1.3, 9.1, 6.6, 9.5, 6.4, 7.1, 10.7, 13, 8.4, 2.7, 13.6, 0, 5 ],
        [ 11.3, 5.8, 3.4, 3.4, 6.7, 8.5, 7.4, 4.2, 10.8, 9.5, 10.7, 1, 4.5, 8.9, 10.5, 6.5, 6.6, 5.7, 3.6, 4.9, 8.5, 5.3, 3, 4, 6.4, 9.2, 4.2, 3.8, 9.9, 4.9, 0 ],
   ])

    data['slope_matrix_gradient']= np.array([
        [ 0, 0, -0.1, -0.1, -0.05, -0.1, 0, -0.05, -0.05, 0.05, -0.45, 0, -0.05, 0.05, -0.45, 0.15, -0.55, -0.1, 0.05, 0.3, 0.1, 0.05, -0.05, -0.05, -0.1, -0.05, 0.2, 0.05, 0.05, 0.05, 0.05 ],
        [ -0.1, 0, 0.05, 0.2, -0.35, -0.15, -0.15, 0.2, 0, 0.15, -0.1, 0.05, 0.1, 0.15, -0.1, 0.25, 0.1, -0.4, 0.05, 0.35, 0.1, 0.35, 0.2, 0.2, 0.15, 0.1, 0.25, 0.05, -0.05, 0.1, 0.1 ],
        [ -0.05, -0.05, 0, 0.3, -0.1, -0.05, -0.15, -0.1, -0.05, -0.05, -0.1, -0.2, -0.35, -0.1, -0.05, 0.4, 0.05, -0.1, 0.05, -0.45, 0, -0.1, 0.45, 0.5, -0.4, -0.2, 0.3, 0, -0.05, 0.15, -0.2 ],
        [ 0, -0.15, -0.6, 0, -0.1, -0.15, -0.2, 0.15, 0, 0, -0.05, -0.3, -0.5, 0, -0.05, 0.2, -0.15, -0.2, -0.25, -0.4, -0.05, 0.15, -0.15, -0.35, -0.3, 0, 0.3, 0, 0.05, 0, -0.25 ],
        [ -0.05, 0.35, 0.1, 0.15, 0, -0.05, -0.15, 0.1, -0.1, 0.1, -0.1, 0, -0.1, 0.1, -0.1, -0.2, -0.1, -0.3, 0.05, 0.3, 0.05, 0.25, 0.15, 0.15, 0.05, 0.05, 0.2, 0, -0.05, 0.05, 0.1 ],
        [ 0, 0.05, 0.05, 0.15, -0.1, 0, 0.05, 0.1, 0, 0.05, -0.05, 0, -0.1, 0.1, 0.05, 0.2, 0, -0.15, 0.05, 0.3, -0.15, 0.25, 0.25, 0.15, 0.05, 0, 0.25, -0.05, 0.05, 0.05, 0.05 ],
        [ -0.1, -0.05, 0.05, 0.1, 0.1, -0.1, 0, 0.05, -0.05, 0.1, -0.1, -0.1, -0.3, 0.1, -0.1, 0, 0.1, -0.25, -0.1, 0.25, 0.05, 0.15, 0.1, 0.1, 0.15, 0, 0.15, -0.2, 0, 0.05, 0 ],
        [ -0.05, -0.15, -0.65, -0.15, -0.1, -0.15, -0.4, 0, 0, 0.1, -0.1, -0.2, -0.25, 0.05, -0.1, 0.05, -0.05, -0.15, -0.25, -0.3, -0.15, 0.3, -0.45, -0.1, 0.15, -0.05, 0.4, 0.05, 0.1, -0.1, -0.15 ],
        [ 0.1, 0, -0.1, 0, -0.05, -0.1, -0.05, -0.05, 0, 0, -0.2, -0.05, -0.05, 0, -0.15, 0.2, 0, -0.1, 0, 0.3, 0.05, 0.15, 0.1, 0, -0.05, -0.1, 0.2, -0.05, 0, 0.05, 0.05 ],
        [ -0.15, -0.05, 0.25, 0.15, -0.05, -0.1, -0.2, -0.15, -0.05, 0, -0.2, 0.3, -0.05, -0.5, -0.2, 0.25, -0.05, -0.2, 0.25, -0.15, -0.05, 0.3, 0.35, -0.05, -0.25, -0.45, -0.2, 0.45, -0.2, 0.25, 0.25 ],
        [ 0.25, 0, -0.05, 0.05, -0.05, -0.1, -0.05, 0, 0.05, 0.05, 0, -0.05, -0.1, 0, -0.3, 0.15, 0, -0.05, 0.05, 0.35, 0.05, 0.05, -0.05, 0, -0.05, -0.1, 0.25, -0.05, 0, 0.05, 0.05 ],
        [ 0, 0.2, 0, 0.25, 0.15, 0.05, 0.2, 0.25, 0.1, -0.15, 0.05, 0, -0.25, -0.2, 0.1, 0.45, 0.1, 0, 0.15, 0.6, 0.2, 0.35, 0.3, 0.25, -0.1, 0.15, 0.45, 0.5, 0.05, 0.2, 0.2 ],
        [ 0, 0.1, 0.1, 0.25, 0.15, 0.1, 0.2, 0.05, 0.05, -0.1, -0.05, 0.05, 0, -0.1, -0.05, 0.5, -0.05, -0.35, 0.2, -0.3, 0.2, 0.05, 0.3, 0.25, -0.25, -0.1, 0.2, 0.15, -0.05, 0.35, 0.2 ],
        [ -0.1, 0.05, 0.3, 0.1, -0.05, -0.1, -0.25, -0.1, -0.05, 0, -0.2, 0.35, -0.05, 0, -0.1, 0.25, -0.05, -0.3, -0.05, 0, -0.1, -0.4, 0.4, -0.05, -0.6, -0.35, -0.05, -0.15, 0, 0.25, 0.2 ],
        [ 0.25, -0.05, -0.05, 0, -0.05, -0.1, -0.05, 0, 0, 0.05, -0.45, -0.05, -0.05, 0.05, 0, 0.15, 0, -0.05, 0, 0.35, 0.05, 0.05, 0, 0, -0.05, -0.1, 0.25, -0.05, -0.05, 0.05, 0.05 ],
        [ -0.2, -0.25, -0.45, -0.35, -0.25, -0.25, 0.05, -0.3, -0.15, -0.2, -0.15, -0.35, -0.75, -0.2, -0.15, 0, 0.3, -0.35, 0, 0.05, 0.05, 0, -0.35, -0.4, -0.1, -0.1, -0.05, 0.1, -0.2, 1.45, -0.1 ],
        [ -0.05, -0.2, -0.55, -0.35, -0.2, -0.2, -0.25, -0.15, 0, -0.05, -0.1, -0.35, -0.35, -0.05, -0.1, 0.05, 0, -0.2, -0.3, 0, -0.15, -0.1, -0.35, -0.4, -0.25, -0.1, 0, -0.15, -0.05, -0.1, -0.2 ],
        [ -0.05, 0.35, 0.15, 0.3, 0.2, 0.05, 0, 0.25, 0, 0.15, -0.05, 0.15, -0.1, 0.2, 0, 0.25, 0.15, 0, 0, 0.55, 0.15, 0.4, 0.3, 0.25, 0.2, 0, 0.35, 0.1, 0, 0.1, 0.2 ],
        [ -0.05, 0, -0.2, 0.15, 0, -0.05, 0.05, 0.1, 0, -0.05, 0, -0.25, -0.45, -0.1, 0, -0.05, 0.05, -0.15, 0, 0.35, 0.05, 0.2, -0.05, -0.15, 0.3, 0.05, 0.25, -0.15, 0, -0.1, 0.05 ],
        [ -0.2, -0.3, -0.5, -4, -0.25, -0.3, -0.45, -0.55, -0.2, -0.55, -0.25, 0.05, -0.2, -0.6, -0.25, 0.15, -0.3, -0.45, -0.1, 0, -0.2, -0.35, 0, 0.05, 0.6, 0.1, -0.35, 0.2, 0.25, 0.05, -0.2 ],
        [ -0.15, -0.2, 0, 0.05, -0.15, -0.2, -0.4, 0.05, -0.1, 0.05, -0.15, -0.1, -0.35, 0.05, -0.35, -0.05, 0.05, -0.35, -0.25, 0.2, 0, 0.1, 0.05, 0.05, 0.1, -0.05, 0.1, -0.35, -0.05, -0.05, -0.05 ],
        [ -0.1, -0.15, 0, -0.25, -0.05, -0.15, -0.3, -0.3, -0.15, -0.35, -0.15, 0.25, -0.05, -0.45, -0.15, 0.15, -0.25, -0.3, 0, 0.05, -0.15, 0, 0.25, 0.15, -0.1, 0.45, 0, -0.1, -0.2, 0.05, 0 ],
        [ -0.05, -0.2, -0.7, 0, -0.15, -0.2, -0.25, -0.2, -0.05, -0.4, -0.1, -0.4, -0.5, -0.5, -0.05, 0.15, -0.15, -0.25, -0.3, -0.65, -0.1, -0.3, 0, -0.05, -0.65, -0.25, 0.05, -0.05, 0, 0, -0.35 ],
        [ -0.05, -0.15, -0.4, 0, -0.15, -0.15, -0.2, 0.1, 0, -0.1, -0.05, -0.35, -0.35, -0.05, -0.1, 0.25, -0.1, -0.2, -0.3, -0.7, -0.1, -0.3, -0.1, 0, -0.1, -0.1, -0.2, -0.1, 0, 0.05, -0.35 ],
        [ -0.05, -0.2, 0.45, 0.4, -0.1, -0.1, -0.4, -0.1, 0.05, 0.3, -0.15, 0.75, -0.05, 0.25, -0.15, 0.35, -0.2, -0.3, 0.3, -0.5, -0.15, 0.1, 0.8, 0.05, 0, 0.4, -0.3, 0.7, 0.25, 0.35, 0.35 ],
        [ 0.1, 0.05, -0.05, -0.45, 0.05, -0.05, -0.1, -0.05, 0.1, 0.3, -0.05, -0.15, -0.1, 0.3, 0, 0.1, 0, -0.2, -0.05, -0.05, 0, -0.55, -0.1, -0.05, 0.5, 0, -0.15, -0.1, -0.15, -0.05, 0 ],
        [ -0.2, -0.35, -0.4, -0.5, -0.3, -0.3, -0.5, -0.5, -0.2, 0.3, -0.25, 0.1, -0.2, 0.25, -0.2, 0.25, -0.25, -0.65, -0.4, 0.25, -0.25, -0.25, 0, 0.1, 0.15, 0.15, 0, -0.4, 0.15, 0.1, -0.1 ],
        [ -0.05, -0.1, 0.1, 0.15, -0.05, -0.1, -0.2, 0.1, 0.05, -0.15, 0, 0.15, -0.15, -0.15, 0.1, 0.1, 0.05, -0.1, 0.1, 0.4, 0, 0.25, 0.2, 0.15, 0, 0.1, 0.3, 0, 0.05, 0.4, 0.35 ],
        [ 0.05, 0, -0.15, -0.05, 0, -0.05, 0.05, -0.25, 0, 0.05, -0.05, 0, -0.1, -0.05, -0.05, 0.2, -0.1, -0.1, 0.05, 0.05, 0.1, 0.05, -0.1, -0.1, -0.3, -0.05, -0.05, 0, 0, 0.05, 0.05 ],
        [ -0.1, -0.1, -0.35, -0.15, -0.1, -0.1, -0.1, -0.15, -0.05, -0.2, -0.05, -0.2, -0.6, -0.15, -0.05, -1.45, 0.25, -0.25, 0.05, 0.25, 0, 0.1, -0.2, -0.25, -0.05, -0.05, 0.1, 0.05, -0.05, 0, -0.05 ],
        [ 0.05, -0.05, -0.05, 0.25, -0.1, -0.1, -0.15, 0.15, -0.05, -0.2, -0.1, -0.15, -0.35, -0.2, -0.05, 0.25, 0.05, -0.05, -0.2, 0.45, 0.05, 0.3, 0.3, 0.2, -0.05, 0, 0.45, 0.3, -0.05, -0.05, 0 ],
    ])

    data['demands'] = [ 0, 0.330693, 90.7184, 22.6796, 27.2155, 27.2155, 54.4311, 4.53592, 0.330693, 1.1, 90.7185, 31.7515, 0.907185, 49.8952, 45.3592, 40.8233, 3.62874, 113.398, 13.6078, 77.1107, 3.17515, 56.699, 90.7185, 3.62874, 49.8952, 90.7184, 22.6796, 0.330693, 113.398, 0.330693, 45.3592 ]
  
    data['delivery_time_minute']= [ 0, 5, 16, 7, 7, 10, 15, 7, 5, 5, 25, 15, 5, 8, 18, 15, 10, 25, 8, 15, 5, 15, 22, 10, 8, 18, 10, 5, 25, 5, 20 ]

    data['time_window_min_max_minute'] = [
      (0, 0),
      (0, 120),
      (0, 300),
      (0, 600),
      (0, 120),
      (0, 240),
      (0, 600),
      (0, 360),
      (0, 600),
      (60, 660),
      (0, 600),
      (0, 600),
      (0, 300),
      (0, 600),
      (0, 600),
      (180, 600),
      (0, 600),
      (0, 240),
      (180, 600),
      (0, 600),
      (0, 600),
      (0, 600),
      (240, 480),
      (0, 360),
      (0, 600),
      (0, 510),
      (0, 540),
      (420, 600),
      (0, 540),
      (180, 480),
      (0, 330),
    ]